name: autonavigate
channels:
  - defaults
dependencies:
  - appdirs=1.4.4=py_0
  - attrs=20.3.0=pyhd3eb1b0_0
  - black=19.10b0=py_0
  - blas=1.0=mkl
  - bzip2=1.0.8=h1de35cc_0
  - ca-certificates=2021.1.19=hecd8cb5_0
  - certifi=2020.12.5=py36hecd8cb5_0
  - click=7.1.2=pyhd3eb1b0_0
  - cycler=0.10.0=py36hecd8cb5_0
  - ffmpeg=4.2.2=h97e5cf8_0
  - freetype=2.10.4=ha233b18_0
  - gettext=0.19.8.1=h15daf44_3
  - gmp=6.1.2=hb37e062_1
  - gmpy2=2.0.8=py36h6ef4df4_2
  - gnutls=3.6.5=h91ad68e_1002
  - intel-openmp=2019.4=233
  - jpeg=9b=he5867d9_2
  - kiwisolver=1.3.0=py36h23ab428_0
  - lame=3.100=h1de35cc_0
  - lcms2=2.11=h92f6f08_0
  - libcxx=10.0.0=1
  - libedit=3.1.20191231=h1de35cc_1
  - libffi=3.2.1=h0a44026_1007
  - libiconv=1.16=h1de35cc_0
  - libopus=1.3.1=h1de35cc_0
  - libpng=1.6.37=ha441bb4_0
  - libtiff=4.1.0=hcb84e12_1
  - libvpx=1.7.0=h378b8a2_0
  - lz4-c=1.9.3=h23ab428_0
  - matplotlib=3.3.2=hecd8cb5_0
  - matplotlib-base=3.3.2=py36h181983e_0
  - mkl=2019.4=233
  - mkl-service=2.3.0=py36h9ed2024_0
  - mkl_fft=1.2.0=py36hc64f4ea_0
  - mkl_random=1.1.1=py36h959d312_0
  - mpc=1.1.0=h6ef4df4_1
  - mpfr=4.0.2=h9066e36_1
  - mpmath=1.1.0=py36_0
  - mypy_extensions=0.4.3=py36_0
  - ncurses=6.2=h0a44026_1
  - nettle=3.4.1=h3018a27_0
  - numpy=1.19.2=py36h456fd55_0
  - numpy-base=1.19.2=py36hcfb5961_0
  - olefile=0.46=py36_0
  - openh264=2.1.0=hd9629dc_0
  - openssl=1.1.1i=h9ed2024_0
  - pathspec=0.7.0=py_0
  - pillow=8.1.0=py36h5270095_0
  - pip=20.3.3=py36hecd8cb5_0
  - pyparsing=2.4.7=pyhd3eb1b0_0
  - python=3.6.9=h359304d_0
  - python-dateutil=2.8.1=py_0
  - pyyaml=5.4=py36h9ed2024_1
  - readline=7.0=h1de35cc_5
  - regex=2020.11.13=py36h9ed2024_0
  - setuptools=51.3.3=py36hecd8cb5_4
  - six=1.15.0=py36hecd8cb5_0
  - sqlite=3.33.0=hffcf06c_0
  - sympy=1.7.1=py36hecd8cb5_0
  - tk=8.6.10=hb0a8c7a_0
  - toml=0.10.1=py_0
  - tornado=6.1=py36h9ed2024_0
  - typed-ast=1.4.2=py36h9ed2024_1
  - typing_extensions=3.7.4.3=py_0
  - wheel=0.36.2=pyhd3eb1b0_0
  - x264=1!157.20191217=h1de35cc_0
  - xz=5.2.5=h1de35cc_0
  - yaml=0.2.5=haf1e3a3_0
  - zlib=1.2.11=h1de35cc_3
  - zstd=1.4.5=h41d2c2f_0
prefix: /Users/dorukhansergin/miniconda3/envs/autonavigate
